002191
000507
001392
004225
002335
005265
007124
006099
004292
003290
007051
000083
001112
006471
004978
006147
001676
002084
006022
007393
005679
003258
006877
000955
003783
005151
007245
005611
004466
003291
003078
004707
005842
005870
001901
007113
005351
006105
001288
000449
001137
006985
001060
001229
002536
000887
000154
004677
005568
002554
001456
003546
001041
003014
003541
004901
004446
002627
003287
001385
007370
000941
000358
003436
001648
005993
003538
002754
001430
003773
001447
004991
005290
001020
001110
004057
004749
005491
003092
002731
002190
000786
002822
000936
001044
000747
004218
001033
006153
001197
004365
000623
003334
000808
004882
002542
002620
003041
006021
000214
